T01_0307=[50 240 50 255 220 100 150 400 70 340 260 100];
T02_0307=[50 250 0 260 380 200 150 300 50 330 420 200];
T03_0307=[10 400 30 300 400 250 0 480 0 315 480 250];
T05_0307=[150 400 0 300 250 70 70 350 0 315 260 70];
T09_0307=[20 320 0 270 200 70 120 480 20 340 240 70];

T06_0308=[125 210 120 215 120 115 100 215 90 200 150 115];
T11_0308=[130 200 0 220 90 90 120 180 0 220 90 90];

T02_0439=[160 300 0 260 155 50 155 320 0 320 180 50];

T06_0449=[100 260 0 180 180 120 90 265 0 220 200 120];

T01_0464=[105 185 0 220 100 100 75 160 0 220 100 100];
T02_0464=[135 220 0 205 100 100 150 235 0 205 100 100];

T05_0477=[70 280 0 190 250 200 90 320 0 190 250 200];
T06_0477=[110 280 0 200 175 140 110 270 0 200 170 140];
T07_0477=[120 310 0 190 250 220 120 320 0 210 250 220];
T13_0477=[50 260 0 170 200 240 70 290 0 180 230 240];
T17_0477=[50 320 0 170 130 140 90 320 0 190 150 140];

T03_0498=[190 280 0 335 150 50 160 235 10 360 160 50];
T05_0498=[120 360 0 330 300 100 120 360 0 330 300 100];
T22_0498=[130 340 80 335 260 100 85 360 0 345 350 100];

T14_0579=[120 240 0 205 140 100 160 310 150 440 190 100];

T06_0889=[0 280 80 200 200 210 0 1100 420 850 670 210];
T08_0889=[90 200 0 220 130 60 200 570 200 900 400 60];
T19_0889=[70 240 0 210 200 100 450 1000 350 900 500 100];

T03_1028=[330 450 50 430 550 240 310 450 50 430 570 240];
T11_1028=[80 470 0 430 450 210 70 500 0 430 500 210];
T15_1028=[50 450 0 400 450 220 80 550 0 430 500 220];
T19_1028=[200 510 0 460 350 130 220 580 0 450 400 130];
T24_1028=[40 600 0 440 630 350 0 570 0 430 580 350];
T32_1028=[150 500 50 450 400 200 130 550 0 420 430 200];
T40_1028=[0 580 0 400 600 300 0 600 0 410 620 300];
T46_1028=[160 620 0 450 600 300 160 620 0 440 600 300];
T50_1028=[220 400 150 450 420 200 220 420 100 410 450 200];
T62_1028=[200 560 0 400 380 210 190 480 80 410 320 210];

T04_1394=[700 1190 100 900 550 120 350 900 0 900 600 120];
T05_1394=[200 1050 0 900 1000 200 0 850 0 900 1000 200];
T09_1394=[400 660 50 900 300 50 500 800 0 920 330 50];
T11_1394=[270 900 100 880 850 170 200 980 0 900 1000 170];
T12_1394=[500 780 200 870 300 80 400 780 0 900 400 80];

T07_1425=[70 125 0 220 70 30 520 630 250 880 200 30];
T09_1425=[40 320 0 210 250 130 220 1250 280 880 700 130];
T10_1425=[0 265 0 225 270 120 400 1100 300 880 1000 170];
T13_1425=[0 320 0 225 320 200 0 800 350 920 1200 300];

T02_1429=[45 180 100 215 145 100 100 375 220 450 290 100];
T11_1429=[80 165 0 220 100 100 215 355 80 430 160 100];

T01_1480=[300 620 250 900 400 80 300 750 70 920 540 80];
T03_1480=[300 640 230 920 900 185 350 700 200 880 900 185];
T04_1480=[380 800 370 900 650 100 450 950 250 900 750 100];
T10_1480=[260 710 120 900 550 100 390 850 100 850 550 100];
T12_1480=[480 710 0 890 250 60 530 850 0 900 250 60];

T04_1486=[115 260 155 450 180 65 225 385 160 445 180 65];
T06_1486=[300 475 50 460 290 115 150 350 0 455 320 115];
T09_1486=[300 435 150 465 160 65 210 380 80 445 190 65];

T04_1495=[150 230 0 210 100 40 340 480 50 400 170 40];
T09_1495=[90 180 0 230 150 50 230 380 0 450 280 50];
T10_1495=[60 320 0 210 260 80 150 540 0 420 500 80];
T12_1495=[130 200 0 210 60 20 290 430 0 430 120 20];

T06_1504=[160 410 30 420 50 10 200 450 0 390 50 10];
T12_1504=[100 530 0 420 40 10 150 550 0 415 40 10];
T17_1504=[240 350 0 400 210 100 290 380 0 400 210 100];
T21_1504=[330 370 0 420 170 80 290 345 0 460 190 80];

T05_1505=[285 630 0 445 200 40 150 360 155 440 135 40];
T11_1505=[260 405 0 420 170 50 260 405 0 420 170 50];
T13_1505=[190 355 30 445 190 60 170 360 0 435 200 60];
T17_1505=[250 540 80 425 400 110 110 390 40 460 470 110];
T19_1505=[175 440 0 390 400 100 255 455 0 390 400 100];

T15_1510=[60 320 0 220 270 170 400 1250 0 850 1000 160];
T16_1510=[70 320 0 240 250 150 280 1200 0 900 1000 150];
T22_1510=[0 280 0 220 300 200 200 970 0 880 1100 200];
T25_1510=[100 300 50 240 180 160 450 950 0 810 800 160];
T26_1510=[120 230 0 210 40 35 350 840 100 850 150 35];
T28_1510=[130 220 0 220 100 65 470 740 100 800 300 65];
T29_1510=[100 210 0 220 120 80 480 780 150 820 350 80];

T07_1517=[130 400 100 390 320 80 250 425 200 390 200 80];
T09_1517=[145 370 65 425 360 100 200 350 90 345 260 100];
T14_1517=[200 500 30 430 440 120 220 540 45 425 415 120];
T15_1517=[155 560 0 410 450 100 165 450 105 405 320 100];

T01_1531=[225 400 0 440 390 100 300 465 10 420 350 100];
T05_1531=[30 350 0 420 150 30 130 345 70 410 120 30];
T07_1531=[155 365 0 440 400 105 150 330 20 420 350 105];

T06_1539=[110 250 0 220 200 100 110 250 0 220 200 100];

T04_1556=[0 140 0 200 150 100 40 180 10 210 150 100];
T05_1556=[40 255 30 185 225 170 55 270 40 195 225 170];

T11_1560=[100 320 0 175 280 200 80 620 50 410 600 200];

T02_1596=[155 210 0 210 50 50 160 210 0 215 50 50];
T08_1596=[50 280 10 190 320 180 55 280 0 180 320 180];
T11_1596=[125 220 10 210 100 50 130 230 0 200 100 50];
T24_1596=[65 245 10 175 180 180 75 250 0 165 180 180];
T27_1596=[160 210 0 210 50 50 160 210 0 210 50 50];

T05_1717=[600 820 0 860 360 55 545 740 50 890 350 55];
T06_1717=[440 680 20 870 380 55 530 760 0 850 380 55];

T01_1743=[170 1000 100 920 1040 250 90 1000 0 890 1150 250];
T03_1743=[365 805 150 900 460 80 375 880 0 850 540 80];
T05_1743=[420 750 100 910 400 90 450 830 0 890 460 90];
T06_1743=[420 860 0 915 480 90 420 850 0 915 480 90];
T09_1743=[180 1000 100 920 1250 250 0 865 0 895 1300 250];
T10_1743=[0 1080 0 870 1160 260 80 970 50 880 1000 260];

T07_1768=[855 1095 0 905 300 50 610 850 0 905 300 50];
T08_1768=[480 770 30 900 200 30 490 780 0 870 200 30];

T01_1791=[350 680 200 900 400 80 340 780 0 890 520 80];
T03_1791=[510 780 200 900 300 70 420 700 0 900 400 70];
T05_1791=[500 800 0 910 300 50 500 800 0 910 300 50];
T06_1791=[0 1100 0 880 900 100 0 1000 0 890 900 100];

T02_1902=[500 830 0 900 700 100 450 840 0 930 700 100];
T04_1902=[0 1250 0 900 1250 200 0 1230 0 900 1250 200];
T05_1902=[0 1100 0 870 1100 150 0 1010 0 900 1100 150];

T05_1933=[95 205 0 210 125 95 300 785 0 915 540 95];
T11_1933=[145 195 0 225 55 40 530 745 0 940 220 40];

T01_1971=[100 165 20 210 70 50 480 710 180 860 250 50];

T09_2304=[190 1000 0 900 550 90 330 1250 0 850 500 90];
T10_2304=[300 1030 0 850 600 90 450 1200 0 890 600 90];